     0.76636
     0.28014
     0.61048
     0.75709
     0.06168
     0.86320
     0.19577
     0.79157
     0.97026
     0.70633
     0.36341
     0.56740
     0.31990
     0.52939
     0.50364
     0.91859
     0.23758
     0.92037
     0.04185
     0.00737
     0.32943
     0.10973
     0.02091
     0.12648
     0.43853
     0.57122
     0.02332
     0.23472
     0.61305
     0.06864
     0.33727
     0.33818
     0.08638
     0.13822
     0.35956
     0.11839
     0.62820
     0.89755
     0.13753
     0.67749
     0.36464
     0.59591
     0.53609
     0.24526
     0.75091
     0.08296
     0.79070
     0.22992
     0.86522
     0.68191
     0.03471
     0.83153
     0.32431
     0.97643
     0.57879
